<?xml version="1.0"?>
<opencv_storage>
<eigenMatrix type_id="opencv-matrix">
  <rows>13</rows>
  <cols>136</cols>
  <dt>d</dt>
  <data>
    -5.6144362476785240e-02 -5.9132783014443691e-02
    -7.3537166163248152e-02 -6.1893010897931852e-02
    -8.8322037162801501e-02 -6.1262767168853843e-02
    -1.0316546888293338e-01 -5.9603329429857577e-02
    -1.1926474864729332e-01 -5.3876436976008017e-02
    -1.3725554619951888e-01 -4.3419032472230626e-02
    -1.5514743949142751e-01 -2.9958994359184799e-02
    -1.6860219219251046e-01 -1.6790030743905178e-02
    -1.7120444558159423e-01 -1.0379364267413176e-03
    -1.6298847053635526e-01 1.5727559881745418e-02
    -1.4614171260547670e-01 3.1421182727048330e-02
    -1.2741603880100075e-01 4.3345107925154870e-02
    -1.1004023180371642e-01 5.2811618524749013e-02
    -9.3044608587416103e-02 5.8200044393432834e-02
    -7.6207829777779637e-02 6.0749824825494188e-02
    -6.0792289878290155e-02 6.0884519477882475e-02
    -4.4487566374132065e-02 5.7621743980810575e-02
    -6.6781011074147828e-02 -5.4179020585980182e-02
    -6.3318131349633086e-02 -4.3328284816501889e-02
    -6.5206022178049383e-02 -3.1751197695377091e-02
    -7.0854351083188341e-02 -2.2188632194054893e-02
    -7.8945577973100409e-02 -1.4659960591883183e-02
    -7.2672235688241521e-02 1.5034896725536983e-03
    -6.3825353145131269e-02 1.2120686625223698e-02
    -5.7661747693250491e-02 2.4543494098652259e-02
    -5.6578919366205939e-02 3.8203699778045191e-02
    -5.8570487790782791e-02 4.6591964421002760e-02
    -8.7643936248236451e-02 -4.1876910690668004e-03
    -1.0141377812364903e-01 -3.4272965953519724e-03
    -1.1589105897705020e-01 -3.5306344011669698e-03
    -1.3034906366434998e-01 -3.4349310216074697e-03
    -1.2974801809749029e-01 -1.7641010575969538e-02
    -1.3354644869470894e-01 -1.0426464037198796e-02
    -1.3671698316371828e-01 -4.2040645785883174e-03
    -1.3221222030684190e-01 3.1709645280282505e-03
    -1.2743855036326926e-01 1.0108151916426149e-02
    -7.9915371464990392e-02 -4.1222714560112603e-02
    -7.7653379030457589e-02 -3.4357869680183541e-02
    -7.8287906945120389e-02 -2.5854582582965517e-02
    -8.2564306836232337e-02 -2.0444510981160929e-02
    -8.4064290697150962e-02 -2.7831497059414560e-02
    -8.4096778474593667e-02 -3.5331305171029732e-02
    -7.8168585214055730e-02 1.0536219915582751e-02
    -7.2264463984374971e-02 1.7781175761987549e-02
    -6.9825020139305832e-02 2.6531908338002709e-02
    -7.0912479100020964e-02 3.3419740494006131e-02
    -7.6749905053968559e-02 2.6607228224377333e-02
    -7.8854230116656487e-02 1.8866107875248186e-02
    -1.4198679913952872e-01 -2.3190585369725260e-02
    -1.4339155806724205e-01 -1.7263314017252292e-02
    -1.4393301610216347e-01 -9.5421345408335367e-03
    -1.4698032678202755e-01 -3.3355429588979445e-03
    -1.4338258963805051e-01 3.4814509040006301e-03
    -1.4066352109951150e-01 1.2316871519119185e-02
    -1.3971776944432970e-01 2.3294106593710125e-02
    -1.5219863089784905e-01 1.6006769255581432e-02
    -1.6000506074438384e-01 7.2703730598048157e-03
    -1.6267664525596481e-01 3.3081672514849821e-04
    -1.6073483468653960e-01 -5.7529998117124550e-03
    -1.5543454658275085e-01 -1.4347736001933131e-02
    -1.4297207266512568e-01 -1.9892983419016432e-02
    -1.4830266650062368e-01 -8.0997631760082785e-03
    -1.5055880432379432e-01 -2.5572800893398587e-03
    -1.4771100246065241e-01 4.0654613433144865e-03
    -1.4149381736115338e-01 1.8557052164369859e-02
    -1.5183072882937565e-01 5.9603154969540932e-03
    -1.5480867128973158e-01 -8.7301905430153142e-04
    -1.5330162623466692e-01 -6.5528896771069132e-03
    -8.3477012513259008e-02 1.5618277641355763e-01
    -4.5026400115068116e-02 1.4809439863045290e-01
    -7.3992137625705761e-03 1.3485318620181777e-01
    2.5567581039827172e-02 1.1985637114998882e-01 5.5233626592452359e-02
    1.0321222747324103e-01 7.6047292544896269e-02 8.2785048101112216e-02
    9.5672790350549999e-02 6.4154352173795975e-02 1.1491118990413370e-01
    4.1809588283127856e-02 1.2559247949796115e-01 8.9905312470729797e-03
    1.2352709733851708e-01 -2.3673053529799797e-02
    1.0665291717685323e-01 -4.7188937560244108e-02
    8.4360514448984139e-02 -6.9813258092846844e-02
    5.7897569776088238e-02 -9.0921390179497158e-02
    2.9185108854860118e-02 -1.0825587507280021e-01
    -4.8970840868135558e-03 -1.2189745113763041e-01
    -3.8564669935775356e-02 -1.3494466406013028e-01
    -7.4408528459753112e-02 -1.4588089446918134e-01
    -1.5432205593825774e-01 1.2139171270352761e-01
    -1.8314137032632938e-01 9.9299401167997445e-02
    -1.9332316994039872e-01 7.3544792301572307e-02
    -1.9438627819540141e-01 4.7034861728212980e-02
    -1.8789317178769682e-01 1.8643923948854453e-02
    -1.7744712388996695e-01 -3.9205459752940611e-02
    -1.8079093021254683e-01 -6.4592739663785315e-02
    -1.7606451640615686e-01 -8.8758557797310206e-02
    -1.6294275167286168e-01 -1.0965547021004445e-01
    -1.3874548780970231e-01 -1.2342731124592715e-01
    -1.3984939515391215e-01 -6.5420551178876586e-03
    -1.1887965783254663e-01 -5.8411349108757121e-03
    -9.7657696988292977e-02 -5.8744966388440600e-03
    -7.5221621411760309e-02 -6.5854536961256638e-03
    -4.4879445977760161e-02 2.6226034686393743e-02
    -3.9923875641563938e-02 1.1693145358167652e-02
    -3.5268489987352394e-02 -4.8157030879035240e-03
    -3.9062647003492844e-02 -1.9869614637702152e-02
    -4.3515678108532033e-02 -3.2599587913392944e-02
    -1.2709739087060562e-01 8.8338670105937336e-02
    -1.3961454888989783e-01 7.0544153880928787e-02
    -1.4022583126954821e-01 5.1515323091725199e-02
    -1.2505956138495275e-01 3.5026643319753921e-02
    -1.2174215753665460e-01 5.3161803422824692e-02
    -1.2090169836630585e-01 7.2031307558408017e-02
    -1.1955784899708105e-01 -4.2543970126517096e-02
    -1.3259102038529741e-01 -6.0896148658444491e-02
    -1.3045989343856368e-01 -8.0818529730995292e-02
    -1.1641341293936823e-01 -9.5530162590867662e-02
    -1.1247199685665796e-01 -8.0208764779057723e-02
    -1.1442099206165153e-01 -6.1983773557856114e-02
    1.7386482118166995e-02 6.0725605769449548e-02
    -4.3639264813078752e-03 3.4267480623513015e-02
    -1.3334396376010769e-02 1.2499582287925019e-02
    -7.7736481386806488e-03 -1.7837676362858499e-03
    -9.4286354607328142e-03 -1.3991891247946359e-02
    1.7430366470812162e-03 -3.4031680167669630e-02
    2.4244034219662418e-02 -5.3449480475294957e-02
    3.5421869929763643e-02 -3.0406914099974511e-02
    3.9782914678670213e-02 -9.5307439194131927e-03
    3.8411153248202344e-02 6.4223356407906414e-03 3.5726232281892110e-02
    2.1901285237949673e-02 2.9009688052481344e-02 4.3515746188644580e-02
    1.6973114554159167e-02 5.0372532098559686e-02 1.7036516060584467e-03
    1.2855236303099414e-02 5.1447267434983511e-03
    -1.1772325142256480e-03 5.7620185961940462e-03
    -1.5585215803025831e-02 2.2738216755250371e-02
    -4.6244852139019008e-02 1.7707639040304445e-02
    -9.2458817977808718e-03 1.5830337259360467e-02
    4.8669644076602576e-03 1.2843899923422844e-02 1.8909895615664443e-02
    -1.0964023953949882e-02 -1.0718336993064373e-01
    -1.3219185436329689e-02 -1.0419519604586705e-01
    -1.7983886607166627e-02 -9.8332086075003725e-02
    -2.1034028659483079e-02 -9.2580549041770793e-02
    -1.5681439992948690e-02 -9.1694806906067433e-02
    -7.6047536819068336e-03 -9.3627947964855865e-02
    -9.8381860277481164e-04 -1.0254034728426797e-01
    3.7595329305833941e-03 -1.0994676590286893e-01
    3.2626102195029648e-03 -1.1283354914177557e-01
    2.5838407416592592e-03 -1.1122417912881506e-01
    7.7754490296099103e-03 -1.0590717694957896e-01
    1.5033351484391893e-02 -1.0385587914988843e-01
    2.1648763391358825e-02 -1.0287499038716363e-01
    2.7831419470559803e-02 -1.0397814724587956e-01
    3.0933925621331768e-02 -1.0659699401416124e-01
    2.9813332621277073e-02 -1.1107241048522859e-01
    2.7993478727664819e-02 -1.1587502510262916e-01
